start=52.250000
speed=1.652893
volume=70.000000
