start=1387.929596
pause=no
volume=80.000000
