start=34.210133
volume=70.000000
