start=319.520000
speed=1.128948
pause=no
