start=1434.099333
volume=60.000000
