start=1433.932494
volume=80.000000
