start=1393.143143
pause=no
volume=90.000000
