start=483.816667
speed=1.652893
