start=156.360000
speed=1.652893
pause=no
