start=1286.326708
pause=no
volume=80.000000
