start=1339.963625
pause=no
volume=95.000000
