start=1420.293875
pause=no
volume=95.000000
