start=254.861333
pause=no
volume=80.000000
