start=646.178867
speed=1.502630
pause=no
