start=1433.974208
volume=95.000000
fullscreen=yes
