start=181.381200
pause=no
volume=85.000000
