start=1331.706707
pause=no
volume=85.000000
