start=1105.838067
speed=1.502630
