start=234.233333
speed=1.502630
pause=no
volume=85.000000
