start=496.871375
pause=no
volume=80.000000
