start=87.200000
speed=1.026316
volume=95.000000
