start=514.680833
speed=1.652893
pause=no
