start=1279.066667
speed=1.502630
volume=85.000000
