start=1434.099333
volume=75.000000
