start=52.960000
speed=1.128948
volume=110.000000
