start=136.960000
volume=50.000000
