start=218.240000
speed=1.771561
pause=yes
volume=70.000000
