start=233.833333
speed=1.026316
