start=21.433000
speed=1.026316
pause=no
volume=95.000000
sid=no
video-aspect-override=1.333333
