start=468.166667
speed=1.652893
volume=70.000000
