start=380.250000
speed=1.128948
pause=no
