start=1446.015917
volume=95.000000
