start=1409.491417
volume=80.000000
sid=no
