start=1346.721722
pause=no
volume=90.000000
