start=1434.015917
volume=90.000000
