start=174.433333
speed=1.366027
pause=no
