start=253.193193
pause=no
volume=85.000000
