start=321.840000
speed=1.128948
pause=no
volume=90.000000
