start=74.360000
speed=1.771561
