start=1407.447708
volume=75.000000
