start=1431.763667
pause=no
volume=65.000000
