start=1413.120042
osd-level=3
pause=no
volume=90.000000
