start=56.066667
speed=1.128948
volume=80.000000
