start=1172.905920
volume=80.000000
