start=78.067000
pause=no
volume=85.000000
