start=294.000000
volume=60.000000
