start=1427.418418
pause=no
volume=85.000000
