start=1329.412746
pause=no
volume=90.000000
