start=53.219833
speed=1.366027
volume=85.000000
