start=296.583333
volume=85.000000
