start=1337.586250
volume=85.000000
