start=15.900333
speed=1.026316
pause=no
