start=1434.015917
volume=80.000000
