start=281.533333
volume=75.000000
