start=212.896022
speed=1.502630
pause=no
volume=95.000000
deinterlace=yes
