start=1343.383708
pause=no
volume=80.000000
