start=533.833300
speed=1.241843
pause=no
volume=90.000000
