start=1106.583333
pause=no
volume=90.000000
