start=1394.519520
pause=no
volume=90.000000
