start=1333.625292
speed=1.210000
pause=no
volume=90.000000
