start=1323.030042
volume=85.000000
