start=1426.551552
pause=no
volume=90.000000
