start=1433.932500
volume=80.000000
fullscreen=yes
