start=458.583125
pause=no
volume=110.000000
