start=1405.572239
volume=80.000000
