start=61.040000
speed=1.502630
pause=yes
