start=3698.575000
speed=1.610510
pause=yes
volume=62.000000
