start=34.240000
speed=1.026316
volume=75.000000
