start=240.698789
speed=1.502630
pause=no
