start=187.228708
volume=75.000000
