start=270.395125
speed=1.241843
pause=no
