start=1410.744077
pause=no
volume=70.000000
