start=2618.407458
volume=55.000000
