start=295.300000
speed=1.026316
volume=90.000000
sid=no
