start=1370.160458
volume=70.000000
