start=1290.660000
pause=no
volume=80.000000
