start=1433.974208
volume=85.000000
fullscreen=yes
