start=1418.959208
volume=75.000000
