start=1000.399400
speed=1.502630
pause=no
volume=70.000000
