start=1377.084042
volume=80.000000
