start=1420.127042
volume=80.000000
