start=1290.330708
pause=no
volume=70.000000
