start=58.200000
speed=1.948717
