start=138.541667
speed=1.026316
pause=no
