start=110.109667
speed=1.026316
pause=no
