start=1402.651250
pause=no
volume=65.000000
