start=13.250000
speed=1.026316
pause=no
volume=80.000000
