start=1452.952953
pause=no
volume=70.000000
