start=1433.849083
volume=95.000000
