start=1393.892500
volume=65.000000
