start=970.345000
volume=55.000000
