start=1417.959626
volume=85.000000
