start=1328.411745
pause=no
volume=80.000000
