start=611.400000
speed=1.502630
pause=no
volume=90.000000
