start=151.408000
volume=70.000000
sid=1
