start=1333.130000
volume=75.000000
sid=1
