start=1340.465465
pause=no
volume=85.000000
