start=1453.119786
volume=90.000000
