start=1323.788000
volume=80.000000
sid=1
