start=200.800000
speed=1.502630
