start=66.566500
speed=1.026316
pause=no
