start=57.123733
speed=1.502630
