start=1332.916250
pause=no
volume=50.000000
