start=250.900650
speed=1.502630
