start=30.480000
speed=1.771561
pause=yes
