start=199.266667
volume=65.000000
