start=7.160000
speed=1.771561
volume=95.000000
deinterlace=yes
