start=382.125000
volume=70.000000
