start=118.518400
speed=1.026316
pause=no
volume=95.000000
