start=495.450333
speed=1.502630
pause=no
volume=70.000000
