start=627.793833
volume=85.000000
