start=544.510633
speed=1.502630
volume=110.000000
