start=1490.115115
pause=no
volume=95.000000
