start=415.998917
speed=1.502630
volume=95.000000
