start=54.354300
speed=1.128948
pause=no
panscan=0.100000
sid=no
