start=1434.141042
volume=70.000000
