start=196.320000
speed=1.128948
pause=no
