start=125.584000
osd-level=3
pause=yes
volume=85.000000
sid=1
