start=261.000000
speed=1.026316
pause=no
volume=80.000000
