start=1395.186854
pause=no
volume=80.000000
