start=267.691000
volume=70.000000
aid=1
sid=2
