start=1434.039000
volume=65.000000
