start=38.800000
speed=1.610510
pause=yes
volume=60.000000
