start=540.394021
speed=2.200000
pause=no
volume=75.000000
deinterlace=yes
