start=438.404633
speed=1.652893
pause=no
