start=583.416667
speed=1.026316
pause=no
