start=1419.292875
volume=80.000000
