start=79.012267
pause=no
volume=105.000000
