start=733.433333
volume=90.000000
fullscreen=yes
