start=1389.681348
volume=80.000000
