start=1410.117042
pause=no
volume=65.000000
