start=1400.016016
speed=1.331000
pause=no
volume=105.000000
