start=344.850000
pause=no
volume=80.000000
