start=1349.222875
volume=85.000000
