start=57.157100
speed=1.026316
pause=yes
volume=90.000000
