start=1390.514125
volume=90.000000
