start=109.600000
speed=1.502630
