start=1330.996333
pause=no
volume=80.000000
