start=711.628295
pause=no
volume=85.000000
