start=175.360000
pause=no
volume=90.000000
