start=45.900333
speed=1.502630
pause=no
