start=5351.966667
speed=2.420000
volume=90.000000
sid=no
