start=566.360000
speed=1.502630
volume=90.000000
