start=998.733333
pause=no
volume=105.000000
