start=1392.809476
pause=no
volume=70.000000
