start=641.247333
pause=no
volume=60.000000
