start=1392.682958
volume=90.000000
