start=1202.933333
volume=95.000000
