start=64.791667
speed=1.026316
volume=75.000000
