start=188.000000
speed=1.026316
fullscreen=no
