start=1516.948767
speed=1.652893
pause=no
volume=105.000000
