start=1434.015917
volume=85.000000
fullscreen=yes
