start=463.366667
speed=1.128948
pause=no
volume=90.000000
