start=1455.622289
pause=no
volume=90.000000
