start=1335.334000
pause=no
volume=80.000000
