start=123.567000
speed=1.818182
pause=no
volume=80.000000
