start=1305.762792
pause=no
volume=70.000000
