start=1409.908500
volume=70.000000
