start=548.000000
volume=80.000000
deinterlace=yes
