start=1388.555222
pause=no
volume=65.000000
