start=25.959267
pause=no
volume=70.000000
