start=352.218533
speed=1.652893
volume=110.000000
