start=1393.977311
pause=no
volume=90.000000
