start=231.799667
speed=1.652893
pause=no
volume=115.000000
