start=133.776267
pause=no
volume=80.000000
