start=1387.345679
volume=85.000000
