start=1388.722055
pause=no
volume=70.000000
