start=530.900000
pause=no
volume=70.000000
