start=1391.391391
pause=no
volume=90.000000
