start=118.208000
volume=95.000000
sid=1
