start=46.755042
pause=no
volume=110.000000
