start=377.009967
speed=1.502630
fullscreen=yes
