start=150.450300
speed=1.026316
pause=no
