start=1399.607941
volume=80.000000
