start=1330.622289
pause=no
volume=95.000000
