start=1409.658250
volume=55.000000
