start=271.188000
speed=1.210000
