start=1426.718385
speed=1.210000
pause=no
volume=70.000000
