start=1330.372039
pause=no
volume=95.000000
