start=25.480000
speed=2.143589
