start=148.666333
speed=1.026316
pause=no
