start=1452.786119
volume=80.000000
