start=1402.819486
pause=no
volume=70.000000
