start=480.520000
speed=1.502630
pause=no
volume=65.000000
