start=167.542375
speed=1.241843
