start=1328.119786
pause=no
volume=80.000000
