start=1864.073473
pause=no
volume=105.000000
fullscreen=yes
sid=1
