start=1341.173167
pause=no
volume=80.000000
