start=1402.408000
volume=85.000000
sid=1
