start=732.198133
speed=1.502630
