start=1460.919253
volume=90.000000
sub-delay=0.100000
