start=1559.000000
volume=65.000000
