start=1431.721958
volume=75.000000
