start=1425.048625
pause=no
volume=70.000000
