start=1244.576667
pause=no
volume=70.000000
