start=464.333333
speed=1.502630
volume=75.000000
