start=1460.460460
volume=90.000000
