start=75.930087
volume=65.000000
