start=1425.966208
volume=80.000000
