start=280.446578
speed=1.366027
pause=no
volume=90.000000
