start=28.494800
speed=1.026316
