start=1458.041375
volume=75.000000
