start=1394.144144
speed=1.210000
pause=no
