start=1392.974917
volume=65.000000
