start=1398.940607
pause=no
volume=70.000000
