start=1333.966667
volume=75.000000
