start=178.878700
speed=1.026316
volume=85.000000
