start=364.366667
speed=1.026316
volume=95.000000
