start=1257.100000
pause=no
volume=95.000000
