start=1332.707708
pause=no
volume=85.000000
