start=1333.005000
volume=90.000000
sid=1
