start=132.250467
speed=1.026316
pause=no
volume=75.000000
