start=658.057400
pause=no
volume=80.000000
