start=1434.057625
fullscreen=yes
sub-delay=0.100000
