start=96.970267
pause=no
volume=95.000000
