start=1393.268268
speed=1.210000
pause=no
volume=85.000000
