start=1433.932500
volume=85.000000
