start=63.533333
speed=1.026316
pause=no
volume=55.000000
