start=395.395000
speed=1.366027
fullscreen=yes
