start=1396.853792
volume=80.000000
