start=481.564417
speed=1.128948
pause=no
