start=1433.974208
volume=75.000000
panscan=0.100000
