start=1386.761762
edition=0
pause=no
volume=90.000000
panscan=1.000000
