start=1392.724667
volume=70.000000
