start=1199.078000
pause=no
volume=80.000000
