start=34.600000
pause=no
volume=105.000000
