start=188.233667
speed=1.502630
volume=70.000000
