start=450.600000
speed=2.200000
volume=130.000000
