start=14.490549
volume=70.000000
