start=1327.327327
pause=no
volume=85.000000
