start=123.590133
volume=85.000000
