start=195.800000
speed=1.502630
pause=no
volume=70.000000
