start=891.224558
volume=80.000000
