start=1434.057625
volume=90.000000
