start=269.766667
speed=1.652893
pause=no
volume=75.000000
