start=1331.420000
volume=65.000000
sid=1
