start=531.467000
speed=1.771561
volume=90.000000
