start=132.723000
volume=90.000000
sid=1
