start=901.100000
pause=no
volume=65.000000
