start=341.711642
speed=1.241843
pause=no
