start=212.045167
speed=1.026316
pause=no
panscan=0.100000
