start=82.766667
speed=1.026316
pause=no
volume=55.000000
