start=175.091583
osd-level=3
speed=1.502630
pause=no
deinterlace=yes
