start=1330.955956
pause=no
volume=80.000000
