start=1188.412225
speed=1.502630
pause=no
volume=70.000000
deinterlace=yes
