start=1434.099333
volume=90.000000
fullscreen=yes
