start=333.680000
speed=1.818182
pause=no
