start=174.600000
speed=1.652893
pause=no
volume=95.000000
