start=1434.141042
volume=45.000000
fullscreen=yes
