start=344.633333
speed=1.502630
pause=no
