start=1327.619286
pause=no
volume=85.000000
