start=758.480000
volume=90.000000
