start=620.066667
speed=1.502630
edition=0
panscan=1.000000
