start=1415.163750
volume=80.000000
