start=204.737533
pause=no
volume=75.000000
