start=36.953589
speed=1.026316
pause=no
volume=75.000000
