start=7.632625
volume=95.000000
