start=1432.931500
volume=75.000000
