start=310.743767
speed=1.502630
pause=no
volume=85.000000
