start=1338.922256
pause=no
volume=90.000000
