start=1342.139000
speed=1.100000
volume=70.000000
sid=1
