start=218.440000
pause=no
volume=55.000000
