start=154.571083
pause=no
volume=85.000000
