start=271.160000
speed=1.128948
pause=no
volume=80.000000
