start=829.895733
speed=1.652893
pause=no
