start=193.560033
speed=1.652893
