start=1325.742409
pause=no
volume=95.000000
