start=93.625000
speed=1.502630
pause=no
