start=13.138125
speed=1.026316
pause=no
