start=654.833333
speed=1.502630
pause=no
volume=80.000000
