start=1469.719720
speed=1.210000
pause=no
