start=318.609958
speed=1.128948
pause=no
volume=90.000000
