start=42.125000
pause=no
volume=55.000000
