start=360.300000
pause=yes
volume=80.000000
