start=1267.432833
pause=no
volume=70.000000
