start=1337.003670
pause=no
volume=85.000000
