start=627.360000
speed=1.771561
pause=yes
