start=510.193017
speed=1.652893
pause=no
volume=110.000000
