start=270.036433
speed=1.026316
pause=no
volume=90.000000
