start=1296.169875
pause=no
volume=80.000000
