start=1397.355689
pause=no
volume=85.000000
