start=15.915900
speed=1.026316
