start=1433.807375
speed=1.100000
volume=70.000000
