start=1419.000917
volume=75.000000
fullscreen=yes
