start=71.583333
speed=1.502630
pause=no
volume=90.000000
