start=136.080000
speed=1.366027
volume=85.000000
