start=1289.913625
pause=no
volume=80.000000
