start=1333.583584
pause=no
volume=90.000000
