start=1389.681348
pause=no
volume=65.000000
