start=126.192733
speed=1.652893
pause=no
