start=372.360000
pause=no
volume=95.000000
