start=1303.802500
pause=no
volume=90.000000
