start=110.480000
volume=90.000000
