start=1433.849083
volume=85.000000
