start=40.553191
volume=85.000000
sid=no
