start=25.492133
speed=1.502630
pause=no
volume=65.000000
