start=1433.807375
speed=1.210000
volume=90.000000
