start=211.252708
pause=no
volume=85.000000
