start=624.760022
volume=125.000000
