start=1433.932500
volume=90.000000
fullscreen=yes
