start=1434.057625
volume=75.000000
