start=1434.015917
volume=75.000000
fullscreen=yes
