start=496.633333
pause=no
volume=105.000000
