start=1397.145750
volume=90.000000
