start=1389.846792
pause=no
volume=90.000000
