start=507.720000
speed=1.366027
