start=1330.455455
pause=no
volume=90.000000
