start=1452.786119
pause=no
volume=90.000000
