start=1268.725792
speed=1.210000
pause=no
volume=80.000000
