start=187.604089
speed=1.652893
pause=no
volume=80.000000
