start=1333.208000
pause=no
volume=90.000000
sid=1
