start=1396.146146
speed=1.210000
pause=no
volume=75.000000
