start=1402.567833
volume=70.000000
