start=1336.837000
volume=90.000000
sid=1
