start=1434.057625
volume=85.000000
