start=1411.034625
volume=75.000000
