start=151.317985
volume=65.000000
