start=1400.608942
pause=no
volume=70.000000
