start=95.996000
pause=no
volume=65.000000
