start=1434.015917
volume=70.000000
fullscreen=yes
