start=1403.903904
pause=no
volume=70.000000
