start=419.320000
speed=1.652893
pause=no
volume=95.000000
sid=no
