start=369.225583
pause=no
volume=90.000000
