start=152.916667
speed=1.502630
