start=1394.768375
volume=45.000000
