start=281.233333
speed=1.366027
pause=no
