start=619.116116
pause=no
volume=65.000000
