start=110.877433
pause=no
volume=70.000000
