start=715.314600
speed=1.502630
pause=no
volume=80.000000
