start=99.480000
volume=105.000000
deinterlace=yes
