start=179.160000
speed=1.948717
pause=yes
volume=85.000000
