start=365.114750
speed=1.128948
sid=no
